 17.20144722 170.88849569 421.90607072 473.13450407 734.40067978  790.75370488 882.9613881  934.19040426 112.48924727 373.75192617  521.28923142 572.51533356 741.57440886 782.55365872 833.78442329  839.93125249 891.15910304 940.33781626
 17.166479   114.49991957 421.86993689 473.09895305 734.36338035  790.71523985 882.92700269 934.15485324 214.90939736 373.71637515  521.2530976  573.50551682 741.53652663 782.51985612 833.74770667  839.89453587 891.12238642 942.35140258
 17.13092799 114.46728257 421.83671709 473.06631605 734.33016055  790.68027163 882.89261728 934.11930222 213.84811207 373.68257254  521.22395742 573.47113141 741.50097561 782.4843051  833.71273845  839.85956765 891.08916661 940.26787983
 17.09537697 216.88568425 421.80116607 473.02726821 734.29286112  790.64472062 882.85648346 934.08433401 117.50194074 373.64643872  521.1872408  573.43558039 741.46425899 782.44991969 833.67660463  839.82343383 891.05128438
114.39384932 421.76444945 472.9923     524.22073335 734.25789291  790.6091696  841.83585454 882.82034964  16.03292607 213.77992405  373.6097221  573.40002937 741.42987358 782.41087185 833.64105362  891.01748178 942.24533233
 11.06044605  58.19060474 110.44360676 163.72642268 210.85133614  237.49012148 368.63491087 390.15609811 416.79488345 441.37928623  466.99350291 490.55858225 517.19736759 539.7431235  590.96631162  567.40123228 729.28308168 734.40592501 751.82359235 757.97100436  778.4623777  782.56065237 801.00288837 808.17486904 828.67148762  833.79433095 852.23132173 858.37873373 877.84553841 883.99819564  902.44043165 909.60716709 928.04940309 934.1968151  952.64429633
 12.0494637   59.17845678 110.40689014 160.61075482 209.79005084  237.45340485 367.57362557 389.08956758 416.75292159 440.31800094  466.95678628 489.49729696 518.18521964 540.73097554 590.929595  567.36976089 729.24636505 734.36920839 751.78687573 756.90971907  777.40109241 781.50461231 801.99074042 807.11358375 828.62952576  832.72780043 851.17003644 857.31744844 878.83339045 883.95623378  901.36865589 907.52655836 929.04250037 934.16009847 952.60233448
 12.0168267   60.16630883 110.37017351 161.59860687 210.77790289  369.58604628 389.05285096 416.71620497 440.28128431 467.94988356  490.485149   518.15374824 539.66969025 590.89287837 729.20964843  734.33249176 751.75015911 756.87300244 777.36437578 781.46789568  801.95402379 807.08211236 827.5734857  832.6910838  852.15788848  857.28073181 877.77210516 882.89494849 902.3669984  905.4407044  568.35761293 927.97596984 934.12338185 951.54104919
 11.97486485  29.39777742  60.13483743 134.92835013 211.77100016  368.52476099 389.02137957 416.68473358 441.27438159 467.91316693  490.45367761 518.11703162 540.65754229 569.34021974 590.86140698  730.19750047 734.29577514 751.71344248 757.86609972 778.35222782  783.48031639 801.91730717 808.0699644  828.56133774 833.68418108  852.12117185 858.27382909 878.7599572  901.30571311 907.45312511  935.12172435 959.70612713
 11.93814822 237.35374545 368.49853483 390.00923161 417.67258562  440.2130963  467.87645031  84.69301405 184.07617476 491.44677488  518.08031499 541.64539434 569.31399358 590.82993559 730.16602908  734.25905852 750.65740242 756.80481442 778.32075643 783.44359977  801.88583578 807.00867911 829.54918979 833.64746445 852.08970046  859.26168113 878.73373104 901.26899648 907.41640848 928.96382189  928.93235049 935.0797625  951.49908733 951.47286117 959.66941051
-10.39604999  12.14446069  16.24273535  45.9552267   62.3535706   67.47116871  73.62382594 122.79787673 118.69960206 162.75605475  166.85432941 170.95260408 220.1319001  215.00905677 253.94791135  259.06550945 270.34101002 367.66978816 375.86109227 378.93479827  385.08221027 382.00850427 389.18048494 406.60339751 425.04563352  428.11933952 431.19304552 433.24218286 435.29132019 438.36502619  356.39953282 457.83183087 461.93010553 476.27406687 478.32320421  481.39691021 484.47061621 486.51975354 508.03569555 511.10940155  525.45336289 528.52182366 531.59552966 557.21499157 574.63265891  578.73093358 580.78007092 583.85377692 607.41361103 610.48731703  618.6891116  621.75757237 633.03307294 647.37178904 669.91754495  729.34252764 731.39166498 738.55840041 740.60753775 742.65667508  768.27613699 770.32527433 773.39898033 788.76751033 791.84121633  793.89035367 818.47475645 819.49932511 821.54846245 823.59759978  838.96612979 841.01526712 844.08897312 846.13811046 868.68386637  871.75757237 873.8067097  888.15067104 890.19980837 892.24894571  894.29808304 896.34722038 917.86316239 919.91229972 921.96143705  924.01057439 939.37385916 941.4229965  944.4967025  945.52127116  943.47213383 968.06702707 970.11616441 972.16530174 974.21443907  980.36185108 982.41098841 984.46012575 995.73038108 997.77951842
  12.10249883   17.22534216   29.5254114    69.48883465   72.56254065   116.61899334  122.76116011  172.96502479  167.84218146  218.04604614   222.14432081  253.90070426  258.00422416  270.29904817  368.65764021   375.82962087  378.90332688  380.95246421  387.09987621  406.56668089   410.66495556  425.00891689  428.0826229   431.1563289   435.25460357   457.78986901  461.89338891  475.21278158  478.28648758  481.36019358   484.43389959  486.48303692  507.99897893  524.3920776   528.49035227   531.56405827  534.63776427  557.17827495  561.27654962  575.62575619   578.69421696  582.79249163  585.86619763  607.38213964  610.45584564   617.62782631  620.70153231  632.99635631  647.34031765  729.30581102   731.35494835  738.52692902  740.57606636  742.62520369  768.23942037   770.2885577   772.33769504  788.73079371  790.77993104  793.85363704   795.90277438  818.44328505  820.49242239  822.54155972  823.56612839   838.9346584   842.0083644   844.05750173  846.10663907  867.62258107   870.69628708  873.76999308  874.79456174  888.11395442  890.16309175   892.21222908  894.26136642  896.31050375  917.82644576  919.87558309   921.92472043  924.99842643  938.3178191   940.36695644  942.41609377   945.48979977  946.51436844  980.32513445  982.37427179  984.42340912   967.00574178  969.05487911  971.10401645  973.15315378  975.20229112   995.69366446  996.71823313 1010.0376258 
  12.07102744   17.19387077   68.42754936   73.54514746  117.60160015   122.72444348  170.87917083  166.78089617  219.03389819  214.93037829   222.10760419  253.86923287  257.96750754  270.26233154  367.59110968   375.79290425  377.84204158  380.91574759  392.18600292  406.52471903   424.97220027  427.0213376   430.09504361  434.19331827  457.75315238   461.85667228  475.17606496  478.24977096  481.32347696  483.37261429   486.44632029  507.9622623   512.06053697  524.35536098  528.45363565   532.55191031  557.14155832  561.23983299  574.55922566  578.65750033   581.73120633  607.34542301  610.41912901  617.58586445  620.65957045   633.98420835  646.27903236  729.26909439  731.31823173  737.46564373   739.51478106  741.5639184   768.20270374  770.25184108  788.69407708   790.74321442  792.79235175  794.84148909  818.40656843  819.4311371   821.48027443  823.52941176  837.8733731   839.92251044  841.97164777   844.02078511  846.06992244  867.58586445  870.65957045  872.70870778   874.75784512  888.07723779  890.12637513  892.17551246  894.22464979   896.27378713  917.78972914  920.86343514  922.91257247  924.96170981   938.28110248  940.33023981  942.37937715  944.42851448  946.47765181   980.28841783  982.33755516  984.3866925   966.96902516  969.01816249   971.06729982  973.11643716  996.6815165   998.73065384 1010.00090917
 -10.5114451    13.06412471   17.16239938   65.3118815    73.51367607   117.56488352  120.63858952  170.84245421  165.72485611  217.97261289   222.07088756  253.83251624  257.93603614  269.19580102  367.55439306   375.75094239  378.82464839  381.8983544   389.0755803   406.49324764   424.93548365  428.00918965  431.08289565  434.15660165  436.20573898   457.72168099  474.11477967  478.21305433  481.28676033  483.33589767   486.40960367  506.90097701  525.34321302  528.41691902  532.51519369   535.58889969  556.08027303  561.20311637  575.54707771  579.64535237   582.71905838  607.30870639  611.40698105  617.55439306  621.65791296   633.94749173  646.2370705   729.23237777  731.2815151   737.42892711   739.47806444  742.55177044  768.16598712  770.21512445  772.26426179   787.63279179  790.70649779  792.75563513  795.82934113  818.3698518   820.41898914  821.44355781  824.51726381  837.83665648  839.88579381   841.93493115  843.98406848  846.03320582  867.54914782  869.59828516   872.67199116  888.04052117  891.11422717  893.1633645   896.2370705   917.75301251  919.80214985  921.85128718  923.90042451  938.24438585   940.29352319  942.34266052  944.39179786  947.46550386  980.2517012   982.30083854  984.34997587  966.93230853  968.98144587  971.0305832   973.07972053  995.62023121  997.66936854 1009.96419255
  13.03265332   17.12568275   66.29973354   72.44714554  117.53341213   121.6316868   165.68813948  170.81098282  217.93589627  212.81305293   222.03417094  253.79579962  257.89407429  270.19938876  367.52292166   375.719471    378.793177    380.84231434  407.48109968  410.55480568   424.89876702  427.97247302  431.04617902  434.11988502  457.68496437   459.7341017   476.12720037  479.20090638  481.25004371  484.32374971   486.37288705  506.86950562  511.98710372  525.30649639  530.42933973   532.47847706  557.07337031  561.16639974  575.51036108  579.60863575   581.65777308  583.70691042  607.27198976  611.37026443  617.51767643   620.59138243  632.88620644  646.20559911  728.17109248  731.24479848   737.39221048  739.44134781  741.49048515  768.12927049  770.17840783   772.22754516  788.62064383  790.66978117  792.7189185   794.76805584   818.33313518  820.38227251  822.43140985  823.45597852  837.79993985   839.84907719  841.89821452  843.94735186  845.99648919  868.53699987   870.5861372   872.63527454  888.00380454  891.07751054  893.12664788   896.20035388  917.72154112  919.77067845  921.81981579  923.86895312   938.20766923  940.25680656  942.3059439   944.35508123  946.40421857   980.21498458  983.28869058  967.92016057  969.96929791  972.01843524   973.04300391  974.06757258  995.58875982  997.63789715  999.68703449  1009.92747592
