 12.   60.  112.  160.  212.  364.  372.  416.  424.  436.  468.  476.  480.  520.  536.  568.  584.  724.  732.3 776.  788.  796.  824.  836.  844.  876.  892.  924. 
 12.   60.  112.  160.  212.  364.  372.  416.  424.  436.  468.  476.  480.  520.  536.  568.  584.  724.  732.3 776.  788.  796.  824.  836.  844.  876.  892.  924. 
 12.   60.  112.  160.  212.  364.  372.  416.  424.  436.  468.  476.  480.  520.  536.  568.  584.  724.  732.2 776.  788.  796.  824.  836.  844.  876.  892.  924. 
 12.   60.  112.  160.  212.  364.  372.  416.  424.  436.  468.  476.  480.  520.  536.  568.  584.  724.  732.3 776.  788.  796.  824.  836.  844.  876.  892.  924. 
 12.   60.  112.  160.  212.  364.  372.  416.  424.  436.  468.  476.  480.  520.  536.  568.  584.  724.  732.2 776.  788.  796.  824.  836.  844.  876.  892.  924. 
  4.   36.   42.8  88.  140.  156.  196.  200.  236.  360.  364.  367.8  396.  404.8 411.8 413.7 452.  456.  459.6 460.6 502.  505.8 512.7 551.9  556.  561.6 567.5 596.  607.1 720.  724.  727.1 736.  756.  760.  763.1  767.  772.  778.1 788.  796.  808.  812.  816.8 821.8 830.4 836.  848.  861.9 866.6 871.6 876.  888.  908.  912.  916.4 921.4 926.5 936.  960.5  966.2 971.2
  4.   36.   42.8  88.  140.  156.  200.  236.  360.  364.  367.7 396.  404.9 411.7 413.9 452.  459.1 460.9 500.5 506.5 512.9 551.2 556.  561.5  567.7 596.  607.5 720.  724.  727.1 736.  756.  760.  762.9 767.  772.  778.2 788.  796.  808.  812.  816.8 821.8 830.6 836.  848.  861.2 864.  866.6 871.6 876.  888.  908.  912.  916.4 921.4 925.7 936.  960.8 966.2  971.2
 36.   42.6  88.  140.  156.  196.  200.  204.4 236.  360.  364.  367.8  396.  404.8 411.5 413.7 452.  459.2 460.4 500.7 506.  512.6 551.5 556.  561.3 567.7 596.  607.3 720.  724.  727.1 736.  756.  760.  763.2 767.  772.  779.3 788.  796.  808.  812.  816.8 821.8 831.7 836.  848.  862.1  866.6 871.6 876.  888.  908.  912.  916.4 921.4 926.2 936.  960.4 966.2  971.2
  4.   36.   42.8  88.  140.  156.  196.  200.  236.  360.  364.  367.7  396.  405.  411.5 413.5 452.  456.  459.6 460.5 501.  506.1 513.  552.  556.  561.2 567.8 596.  607.3 720.  724.  727.1 736.  760.  763.  767.  772.  778.3 788.  796.  808.  812.  816.8 821.8 831.6 836.  848.  861.6  866.6 871.6 876.5 888.  908.  912.  916.4 921.4 926.2 936.  960.6 966.2  971.2
  4.   36.   42.9  88.  140.  156.  196.  200.  236.  360.  364.  367.7  396.  404.7 411.8 413.7 452.  456.  459.6 460.5 501.4 506.2 513.6 551.1  556.  561.5 567.6 596.  607.  720.  724.  727.1 736.  756.  762.7 767.  772.  778.5 788.  796.  808.  812.  816.8 821.8 830.8 836.  848.  861.6  866.6 871.6 876.  888.  908.  912.  916.4 921.4 926.1 936.  960.1 966.2  971.2
 24.   40.   80.  124.  132.  144.  184.  192.  244.  256.  360.  362.5  384.  392.  420.  435.1 444.  468.  476.  495.  500.  504.  512.  536.  547.1 564.  572.  592.  596.9 604.  612.2 721.7 728.  736.  751.5 755.4  760.  772.  787.1 792.  801.6 808.1 832.  844.  853.8 857.2 868.  880.  904.  908.  912.6 920.  932.  946.5 952.  956.  960.  964.  979.4
 24.   40.   80.   88.  132.  176.  184.  192.  228.  236.  244.  256.  360.  362.5 376.  384.  399.3 412.  420.  432.  440.  448.  464.  468.  476.  484.  492.  498.5 504.  512.  536.  543.7 550.9 564.  572.  586.3  592.  600.6 614.5 721.7 728.  746.6 751.7 752.8 760.8 772.  788.  800.  805.7 812.  824.  832.  848.  853.1 860.6 880.  892.  902.7 909.3 920.  932.  944.  950.7 952.9 958.  968.  976. 
 24.   40.   80.  124.  132.  184.  192.  224.  240.  256.  360.  362.5  376.  384.  393.4 420.  440.  450.9 452.9 468.  476.  489.5 494.7 507.4  512.  532.  548.  552.  564.  572.  584.  592.  598.7 600.7 618.9 721.7  728.  736.  748.  754.5 757.3 772.  784.  796.  801.5 804.7 811.4 828.  851.1 855.4 858.8 864.  880.  888.  892.3 900.1 904.1 911.6 920.  930.5  944.  952.9 958.8 963.1 968.  976.  980. 
 24.   40.   80.   88.  124.  176.  184.  192.  224.  244.  256.  360.  362.5 372.  384.  395.4 400.  412.  420.  432.  440.  448.  468.  476.  484.  492.6 500.  512.  540.  544.  548.  564.  572.  584.  594.3 597.9  612.  620.  721.7 731.  736.  744.  753.2 763.1 772.  784.  796.  803.7  808.  832.  847.2 853.3 860.  880.  892.  897.9 904.  908.  913.  920.  932.  944.  953.2 956.4 964.  974.8 979.1
 24.   40.   80.  124.  132.  144.  176.  184.  192.  224.  243.6 256.  360.  362.5 376.  384.  388.9 399.4 404.  414.1 420.  436.  444.  468.  475.2 484.  492.3 504.  512.  540.  544.  564.  572.  584.  602.1 616.  620.  721.7 728.  736.  744.  748.  752.  756.  764.  772.  784.  796.  804.  808.  812.5 832.  848.  854.5 864.2 880.  900.  904.  908.6 920.  928.  947.1 954.2 960.  968.  975. 
