1.72014472178123e+001	7.97081008918449e+003
1.71664790039188e+001	7.91392846125095e+003
1.71309279864603e+001	7.85609880618518e+003
1.70953769690018e+001	7.79826915111941e+003
1.14499919573108e+002	7.90965845379883e+003
1.14467282573474e+002	7.85656893439419e+003
1.14393849324298e+002	7.73711751573375e+003
1.70888495690750e+002	7.96840893849713e+003
2.16885684246353e+002	7.79050232227794e+003
4.21906070715053e+002	7.95699764469653e+003
4.21869936894030e+002	7.89821996249853e+003
4.21836717090831e+002	7.84418241596167e+003
4.21801166073373e+002	7.78635276089590e+003
4.21764449448784e+002	7.72662705156568e+003
4.73134504069134e+002	7.95524923400185e+003
4.73098953051676e+002	7.89741957893608e+003
4.73066316052042e+002	7.84433005953144e+003
4.73027268213194e+002	7.78081224167232e+003
4.72992299999301e+002	7.72393061373878e+003
5.24220733353382e+002	7.72218220304410e+003
7.34400679782078e+002	7.94822839372344e+003
7.34363380353925e+002	7.88755465726099e+003
7.34330160550726e+002	7.83351711072413e+003
7.34292861122573e+002	7.77284337426169e+003
7.34257892908679e+002	7.71596174632814e+003
7.90753704882262e+002	7.94914922335597e+003
7.90715239846979e+002	7.88657943262907e+003
7.90680271633086e+002	7.82969780469553e+003
7.90644720615627e+002	7.77186814962977e+003
7.90609169598169e+002	7.71403849456400e+003
8.41835854541555e+002	7.70944600247264e+003
8.82961388098219e+002	7.94031392131219e+003
8.82927002687890e+002	7.88438032051088e+003
8.82892617277561e+002	7.82844671970956e+003
8.82856483456538e+002	7.76966903751157e+003
8.82820349635515e+002	7.71089135531358e+003
9.34190404255865e+002	7.93951353774974e+003
9.34154853238406e+002	7.88168388268397e+003
9.34119302220948e+002	7.82385422761821e+003
9.34084334007054e+002	7.76697259968466e+003
1.60329260702022e+001	7.73668235573863e+003
1.17501940735871e+002	7.79294621189339e+003
1.12489247274228e+002	7.97229818095351e+003
2.13779924049039e+002	7.73846573464721e+003
2.13848112066132e+002	7.84938490911761e+003
2.14909397357802e+002	7.90907565023394e+003
3.73751926165782e+002	7.95958917788175e+003
3.73716375148323e+002	7.90175952281598e+003
3.73682572541560e+002	7.84677394914689e+003
3.73646438720536e+002	7.78799626694890e+003
3.73609722095948e+002	7.72827055761868e+003
5.21289231421971e+002	7.95360572794885e+003
5.21253097600947e+002	7.89482804575086e+003
5.21223957422703e+002	7.84742668913957e+003
5.21187240798115e+002	7.78770097980935e+003
5.73505516818545e+002	7.89209663971006e+003
5.73471131408217e+002	7.83616303890874e+003
5.73435580390758e+002	7.77833338384298e+003
5.73400029373300e+002	7.72050372877721e+003
5.72515333561792e+002	7.94806520872527e+003
7.41574408862344e+002	7.95082769762286e+003
7.41536526630626e+002	7.88920593402819e+003
7.41500975613168e+002	7.83137627896242e+003
7.41464258988579e+002	7.77165056963220e+003
7.41429873578251e+002	7.71571696883089e+003
7.82553658724220e+002	7.94374080627376e+003
7.82519856117456e+002	7.88875523260467e+003
7.82484305099997e+002	7.83092557753891e+003
7.82449919689669e+002	7.77499197673759e+003
7.82410871850821e+002	7.71147415887847e+003
8.33784423292560e+002	7.94578450410799e+003
8.33747706667972e+002	7.88605879477777e+003
8.33712738454079e+002	7.82917716684423e+003
8.33676604633055e+002	7.77039948464623e+003
8.33641053615597e+002	7.71256982958047e+003
8.39931252491485e+002	7.94462666769240e+003
8.39894535866897e+002	7.88490095836218e+003
8.39859567653003e+002	7.82801933042864e+003
8.39823433831980e+002	7.76924164823065e+003
8.91159103042002e+002	7.94193022986550e+003
8.91122386417413e+002	7.88220452053528e+003
8.91089166614214e+002	7.82816697399841e+003
8.91051284382496e+002	7.76654521040374e+003
8.91017481775732e+002	7.71155963673465e+003
9.42351402575059e+002	7.88140413697282e+003
9.42245332326249e+002	7.70886319890775e+003
9.40337816258354e+002	7.93930372846638e+003
9.40267879830567e+002	7.82554047259930e+003
9.40231163205979e+002	7.76581476326908e+003

1.20494637041596e+001	4.59025024030934e+003
1.20168267045256e+001	4.53716072090470e+003
1.10604460545364e+001	4.64811486358900e+003
1.19381482232651e+001	4.40917705805423e+003
1.19748648478533e+001	4.46890276738445e+003
2.93977774203249e+001	4.47684055193829e+003
6.01663088252778e+001	4.52698497066167e+003
5.91784567827844e+001	4.58674564820578e+003
5.81906047402911e+001	4.64650632574989e+003
1.10443606761454e+002	4.64472294684132e+003
6.01348374327736e+001	4.47579150552148e+003
1.10370173512277e+002	4.52527152818088e+003
1.10406890136866e+002	4.58499723751110e+003
1.34928350129732e+002	4.47323882590725e+003
1.61598606866358e+002	4.52352311748620e+003
1.60610754823865e+002	4.58328379503032e+003
1.63726422681782e+002	4.65143684390889e+003
2.10851336135453e+002	4.64129606187975e+003
2.09790050843783e+002	4.58160532076343e+003
2.10777902886276e+002	4.52184464321931e+003
2.11771000160854e+002	4.47061620986523e+003
2.37490121479575e+002	4.64038688831852e+003
2.37453404854987e+002	4.58066117898830e+003
2.37353745445390e+002	4.41854853937771e+003
3.68634910866023e+002	4.63591095694014e+003
3.67573625574353e+002	4.57622021582382e+003
3.69586046283928e+002	4.51642457006581e+003
3.68524760992258e+002	4.45673382894949e+003
3.68498534831838e+002	4.41407260799933e+003
3.90009231608468e+002	4.40480603131753e+003
3.89021379565975e+002	4.46456670886164e+003
3.89052850958479e+002	4.51576017400183e+003
3.89089567583067e+002	4.57548588333205e+003
3.90156098106821e+002	4.64370886863841e+003
4.16794883450943e+002	4.64279969507717e+003
4.16752921594271e+002	4.57454174155692e+003
4.16716204969683e+002	4.51481603222671e+003
4.16684733577178e+002	4.46362256708652e+003
4.17672585619672e+002	4.40386188954241e+003
4.41379286228818e+002	4.63342821375370e+003
4.40318000937148e+002	4.57373747263737e+003
4.40281284312560e+002	4.51401176330715e+003
4.41274381587137e+002	4.46278332995307e+003
4.40213096295467e+002	4.40309258883675e+003
4.67876450306671e+002	4.40214844706162e+003
4.67913166931260e+002	4.46187415639184e+003
4.67949883555848e+002	4.52159986572206e+003
4.66956786281270e+002	4.57282829907614e+003
4.66993502905859e+002	4.63255400840636e+003
8.46930140502283e+001	4.42375880324785e+003
1.84076174757146e+002	4.42036688650017e+003
4.90558582248736e+002	4.63174973948681e+003
4.89497296957066e+002	4.57205899837048e+003
4.90485148999559e+002	4.51229832082637e+003
4.90453677607055e+002	4.46110485568618e+003
4.91446774881633e+002	4.40987642233210e+003
5.18080314993671e+002	4.40043500458084e+003
5.18117031618259e+002	4.46016071391105e+003
5.18153748242847e+002	4.51988642324127e+003
5.18185219635351e+002	4.57107988838146e+003
5.17197367592858e+002	4.63084056592557e+003
5.39743123500738e+002	4.63860350940995e+003
5.40730975543231e+002	4.57884283186583e+003
5.39669690251561e+002	4.51915209074951e+003
5.40657542294055e+002	4.45939141320540e+003
5.41645394336548e+002	4.39963073566128e+003
5.69340219740256e+002	4.44988005902634e+003
5.69313993579836e+002	4.40721883807619e+003
5.90861406981054e+002	4.45767797072461e+003
5.90829935588550e+002	4.40648450558442e+003
5.90892878373558e+002	4.50887143586480e+003
5.90929594998147e+002	4.56859714519502e+003
5.90966311622735e+002	4.62832285452524e+003
5.67401232279858e+002	4.62912712344479e+003
5.67369760887353e+002	4.57793365830460e+003
7.29283081678754e+002	4.62360214564960e+003
7.29246365054166e+002	4.56387643631939e+003
7.29209648429577e+002	4.50415072698917e+003
7.30197500472071e+002	4.44439004944505e+003
7.30166029079567e+002	4.39319658430487e+003
7.34405925014162e+002	4.62342730458014e+003
7.34369208389574e+002	4.56370159524992e+003
7.34332491764986e+002	4.50397588591970e+003
7.34295775140397e+002	4.44425017658948e+003
7.34259058515809e+002	4.38452446725926e+003
7.51823592354550e+002	4.62283284494395e+003
7.51786875729961e+002	4.56310713561373e+003
7.51750159105373e+002	4.50338142628351e+003
7.51713442480785e+002	4.44365571695329e+003
7.50657402421199e+002	4.39249722002700e+003
7.57971004357039e+002	4.62262303566058e+003
7.56909719065369e+002	4.56293229454426e+003
7.56873002440781e+002	4.50320658521404e+003
7.57866099715359e+002	4.45197815185996e+003
7.56804814423689e+002	4.39228741074363e+003
7.78462377698672e+002	4.62192367138271e+003
7.77401092407002e+002	4.56223293026639e+003
7.77364375782414e+002	4.50250722093617e+003
7.78352227824907e+002	4.44274654339206e+003
7.78320756432403e+002	4.39155307825187e+003
7.83443599767811e+002	4.39137823718240e+003
7.83480316392399e+002	4.45110394651262e+003
7.81467895682824e+002	4.51089959227063e+003
7.81504612307413e+002	4.57062530160085e+003
7.82560652366998e+002	4.62178379852714e+003
8.01002888374468e+002	4.62115437067705e+003
8.01990740416961e+002	4.56139369313294e+003
8.01954023792373e+002	4.50166798380272e+003
8.01917307167785e+002	4.44194227447250e+003
8.01885835775280e+002	4.39074880933232e+003
8.07008679110688e+002	4.39057396826285e+003
8.08069964402358e+002	4.45026470937917e+003
8.07082112359865e+002	4.51002538692329e+003
8.07113583752369e+002	4.56121885206347e+003
8.08174869044039e+002	4.62090959317980e+003
8.28671487617755e+002	4.62874247309196e+003
8.28629525761083e+002	4.56048451957171e+003
8.27573485701497e+002	4.50932602264541e+003
8.28561337743991e+002	4.44956534510130e+003
8.29549189786484e+002	4.38980466755719e+003
8.33647464454811e+002	4.38966479470162e+003
8.33684181079399e+002	4.44939050403184e+003
8.32691083804821e+002	4.50061893738592e+003
8.32727800429410e+002	4.56034464671613e+003
8.33794330953164e+002	4.62856763202249e+003
8.52231321728549e+002	4.61940595998238e+003
8.58378733731038e+002	4.61919615069901e+003
8.51170036436879e+002	4.55971521886605e+003
8.57317448439369e+002	4.55950540958269e+003
8.52157888479372e+002	4.49995454132194e+003
8.57280731814780e+002	4.49977970025247e+003
8.52121171854784e+002	4.44022883199172e+003
8.58273829089358e+002	4.44855126689839e+003
8.52089700462280e+002	4.38903536685153e+003
8.59261681131851e+002	4.38879058935428e+003
8.77845538405589e+002	4.61853175463504e+003
8.78833390448083e+002	4.55877107709092e+003
8.77772105156413e+002	4.49908033597460e+003
8.78759957198906e+002	4.43931965843049e+003
8.78733731038486e+002	4.39665843748033e+003
8.83998195640163e+002	4.62685418954171e+003
8.83956233783491e+002	4.55859623602146e+003
8.82894948491821e+002	4.49890549490513e+003
9.02440431647632e+002	4.62622476169162e+003
9.01368655891794e+002	4.54946953219523e+003
9.02366998398456e+002	4.50677334303118e+003
9.01305713106786e+002	4.44708260191486e+003
9.01268996482198e+002	4.38735689258464e+003
9.09607167085120e+002	4.61744774000434e+003
9.07526558358452e+002	4.56632421129194e+003
9.05440704399701e+002	4.50666843838950e+003
9.07453125109276e+002	4.44687279263150e+003
9.07416408484687e+002	4.38714708330128e+003
5.68357612929847e+002	4.51817298076049e+003
9.28049403092589e+002	4.61681831215425e+003
9.29042500367166e+002	4.56558987880017e+003
9.27975969843412e+002	4.49736689349381e+003
9.28963821885906e+002	4.43760621594970e+003
9.28932350493401e+002	4.38641275080951e+003
9.34196815095079e+002	4.61660850287089e+003
9.34160098470490e+002	4.55688279354067e+003
9.34123381845902e+002	4.49715708421045e+003
9.35079762495891e+002	4.38620294152615e+003
9.35121724352563e+002	4.45446089504640e+003
9.52644296334632e+002	4.62451131921084e+003
9.52602334477960e+002	4.55625336569059e+003
9.51541049186290e+002	4.49656262457426e+003
9.51499087329617e+002	4.42830467105401e+003
9.51472861169197e+002	4.38564345010386e+003
9.59669410505850e+002	4.38536370439271e+003
9.59706127130438e+002	4.44508941372293e+003
9.58718275087945e+002	4.50485009126704e+003

-1.03960499905586e+001	3.07888129690112e+003
-1.05114450964074e+001	2.89117192472043e+003
1.21444606852371e+001	3.07811199619546e+003
1.21024988285648e+001	3.00985404267521e+003
1.20710274360606e+001	2.95866057753502e+003
1.30641247106380e+001	2.90743214418094e+003
1.30326533181338e+001	2.85623867904075e+003
1.71256827543763e+001	2.84756656199515e+003
1.71623993789645e+001	2.90729227132537e+003
1.71938707714687e+001	2.95848573646555e+003
1.72253421639729e+001	3.00967920160574e+003
1.62427353535636e+001	3.07797212333988e+003
2.95254114010365e+001	3.01779182722905e+003
4.59552266989307e+001	3.07695804513697e+003
6.23535706043207e+001	3.08493079790470e+003
6.74711687076448e+001	3.07622371264521e+003
6.94888346493038e+001	3.02496031107723e+003
6.84275493576339e+001	2.96526956996091e+003
6.53118814997168e+001	2.89711652108234e+003
6.62997335422101e+001	2.83735584353822e+003
7.36238259422185e+001	3.08454614755188e+003
7.25625406505487e+001	3.02485540643555e+003
7.35136760684538e+001	2.90536901956122e+003
7.35451474609580e+001	2.95656248470141e+003
7.24471455446999e+001	2.83714603425486e+003
1.17564883520880e+002	2.89533314217376e+003
1.20638589522124e+002	2.89522823753208e+003
1.17533412128375e+002	2.84413967703358e+003
1.21631686796702e+002	2.84399980417800e+003
1.16618993335058e+002	3.02335177323813e+003
1.22761160105464e+002	3.01460971976473e+003
1.17601600145468e+002	2.95505885150398e+003
1.22724443480876e+002	2.95488401043451e+003
1.22797876730052e+002	3.07433542909495e+003
1.18699602061726e+002	3.07447530195053e+003
1.62756054746236e+002	3.07297166875310e+003
1.66854329414562e+002	3.07283179589753e+003
1.70952604082889e+002	3.07269192304195e+003
1.72965024792464e+002	3.01289627728395e+003
1.70879170833712e+002	2.95324050438152e+003
1.66780896165386e+002	2.95338037723709e+003
1.67842181457056e+002	3.01307111835342e+003
1.70842454209124e+002	2.89351479505130e+003
1.65724856105800e+002	2.90222188031080e+003
1.65688139481212e+002	2.84249617098058e+003
1.70810982816620e+002	2.84232132991111e+003
2.20131900102807e+002	3.07101344877506e+003
2.18046046144055e+002	3.01135767587263e+003
2.15009056767398e+002	3.07118828984453e+003
2.22144320812382e+002	3.01121780301706e+003
2.19033898186548e+002	2.95159699832852e+003
2.17972612894879e+002	2.89190625721219e+003
2.17935896270290e+002	2.83218054788198e+003
2.12813052934882e+002	2.83235538895144e+003
2.14930378286138e+002	2.94320462699406e+003
2.22107604187793e+002	2.95149209368684e+003
2.22034170938617e+002	2.83204067502640e+003
2.22070887563205e+002	2.89176638435662e+003
2.53947911348584e+002	3.07839174190661e+003
2.53900704259828e+002	3.00160154419633e+003
2.53869232867324e+002	2.95040807905614e+003
2.53832516242735e+002	2.89068236972592e+003
2.53795799618147e+002	2.83095666039570e+003
2.57894074286474e+002	2.83081678754013e+003
2.57936036143146e+002	2.89907474106038e+003
2.57967507535650e+002	2.95026820620056e+003
2.58004224160238e+002	3.00999391553078e+003
2.59065509451908e+002	3.06968465664711e+003
2.70341010021890e+002	3.07783225048431e+003
2.70299048165218e+002	3.00957429696406e+003
2.70262331540630e+002	2.94984858763384e+003
2.69195801016876e+002	2.88162560232748e+003
2.70199388755621e+002	2.84746165735347e+003
3.67669788162560e+002	3.06597802597439e+003
3.67591109681300e+002	2.93799436312392e+003
3.67554393056711e+002	2.87826865379370e+003
3.68657640205054e+002	3.00621734843028e+003
3.67522921664207e+002	2.82707518865351e+003
3.75719471000860e+002	2.82679544294237e+003
3.75750942393364e+002	2.87798890808255e+003
3.75792904250037e+002	2.94624686160280e+003
3.75829620874625e+002	3.00597257093302e+003
3.75861092267129e+002	3.05716603607321e+003
3.78934798268374e+002	3.05706113143153e+003
3.85082210270864e+002	3.05685132214817e+003
3.78903326875870e+002	3.00586766629134e+003
3.80952464210033e+002	3.00579772986355e+003
3.77842041584200e+002	2.94617692517502e+003
3.80915747585445e+002	2.94607202053334e+003
3.78824648394609e+002	2.87788400344087e+003
3.81898354395854e+002	2.87777909879919e+003
3.78793177002105e+002	2.82669053830068e+003
3.82008504269619e+002	3.05695622678985e+003
3.89180484939190e+002	3.05671144929259e+003
3.80842314336268e+002	2.82662060187290e+003
3.87099876212523e+002	3.00558792058019e+003
3.92186002923343e+002	2.94568737018051e+003
3.89075580297510e+002	2.88606656549197e+003
4.06603397511662e+002	3.06464923384643e+003
4.06566680887074e+002	3.00492352451621e+003
4.06524719030401e+002	2.93666557099597e+003
4.06493247637897e+002	2.88547210585578e+003
4.07481099680391e+002	2.82571142831166e+003
4.10554805681635e+002	2.82560652366998e+003
4.10664955555400e+002	3.00478365166064e+003
4.25045633519131e+002	3.06401980599635e+003
4.28119339520376e+002	3.06391490135467e+003
4.31193045521621e+002	3.06380999671299e+003
4.33242182855784e+002	3.06374006028520e+003
4.35291320189947e+002	3.06367012385741e+003
4.38365026191192e+002	3.06356521921573e+003
4.25008916894543e+002	3.00429409666613e+003
4.28082622895788e+002	3.00418919202445e+003
4.31156328897033e+002	3.00408428738277e+003
4.35254603565359e+002	3.00394441452720e+003
4.24972200269955e+002	2.94456838733591e+003
4.27021337604118e+002	2.94449845090812e+003
4.30095043605363e+002	2.94439354626644e+003
4.34193318273689e+002	2.94425367341087e+003
4.24935483645366e+002	2.88484267800569e+003
4.28009189646611e+002	2.88473777336401e+003
4.31082895647856e+002	2.88463286872233e+003
4.34156601649101e+002	2.88452796408065e+003
4.36205738983264e+002	2.88445802765286e+003
4.24898767020778e+002	2.82511696867547e+003
4.27972473022023e+002	2.82501206403379e+003
4.31046179023268e+002	2.82490715939211e+003
4.34119885024513e+002	2.82480225475043e+003
3.56399532824662e+002	3.06636267632722e+003
4.57831830865743e+002	3.06290082315176e+003
4.61930105534070e+002	3.06276095029618e+003
4.57789869009071e+002	2.99464286963150e+003
4.61893388909481e+002	3.00303524096596e+003
4.57753152384483e+002	2.93491716030129e+003
4.61856672284893e+002	2.94330953163574e+003
4.57721680991978e+002	2.88372369516110e+003
4.57684964367390e+002	2.82399798583088e+003
4.59734101701553e+002	2.82392804940309e+003
4.76274066873212e+002	3.06227139530167e+003
4.78323204207376e+002	3.06220145887388e+003
4.81396910208620e+002	3.06209655423220e+003
4.84470616209865e+002	3.06199164959052e+003
4.86519753544029e+002	3.06192171316274e+003
4.75212781581542e+002	3.00258065418535e+003
4.78286487582787e+002	3.00247574954366e+003
4.81360193584032e+002	3.00237084490198e+003
4.84433899585277e+002	3.00226594026030e+003
4.86483036919440e+002	3.00219600383252e+003
4.75176064956954e+002	2.94285494485513e+003
4.78249770958199e+002	2.94275004021345e+003
4.81323476959444e+002	2.94264513557177e+003
4.83372614293607e+002	2.94257519914398e+003
4.86446320294852e+002	2.94247029450230e+003
4.74114779665284e+002	2.88316420373880e+003
4.78213054333611e+002	2.88302433088323e+003
4.81286760334856e+002	2.88291942624155e+003
4.83335897669019e+002	2.88284948981376e+003
4.86409603670264e+002	2.88274458517208e+003
4.76127200374859e+002	2.82336855798080e+003
4.79200906376104e+002	2.82326365333911e+003
4.81250043710267e+002	2.82319371691133e+003
4.84323749711512e+002	2.82308881226965e+003
4.86372887045676e+002	2.82301887584186e+003
5.08035695552743e+002	3.06118738067097e+003
5.07998978928154e+002	3.00146167134075e+003
5.07962262303566e+002	2.94173596201053e+003
5.06900977011896e+002	2.88204522089421e+003
5.06869505619392e+002	2.83085175575402e+003
5.11987103722716e+002	2.82214467049452e+003
5.12060536971893e+002	2.94159608915496e+003
5.11109401553987e+002	3.06108247602929e+003
5.25453362893130e+002	3.06059292103478e+003
5.28521823662291e+002	3.05195577220307e+003
5.31595529663536e+002	3.05185086756139e+003
5.24392077601460e+002	3.00090217991845e+003
5.28490352269787e+002	3.00076230706288e+003
5.31564058271032e+002	3.00065740242120e+003
5.34637764272277e+002	3.00055249777952e+003
5.24355360976872e+002	2.94117647058824e+003
5.28453635645199e+002	2.94103659773266e+003
5.32551910313525e+002	2.94089672487709e+003
5.25343213019365e+002	2.88141579304412e+003
5.28416919020610e+002	2.88131088840244e+003
5.32515193688937e+002	2.88117101554687e+003
5.35588899690182e+002	2.88106611090519e+003
5.25306496394777e+002	2.82169008371390e+003
5.30429339730185e+002	2.82151524264444e+003
5.32478477064348e+002	2.82144530621665e+003
5.57214991572660e+002	3.05950890640408e+003
5.57178274948072e+002	2.99978319707386e+003
5.57141558323484e+002	2.94005748774364e+003
5.56080273031814e+002	2.88036674662732e+003
5.57073370306391e+002	2.82913831327323e+003
5.61276549616399e+002	2.99964332421829e+003
5.61239832991810e+002	2.93991761488807e+003
5.61203116367222e+002	2.88019190555785e+003
5.61166399742634e+002	2.82046619622763e+003
5.74632658913048e+002	3.05891444676789e+003
5.75625756187625e+002	3.00768601341381e+003
5.74559225663872e+002	2.93946302810745e+003
5.75547077706365e+002	2.87970235056334e+003
5.75510361081777e+002	2.81997664123312e+003
5.79608635750103e+002	2.81983676837755e+003
5.81657773084266e+002	2.81976683194976e+003
5.83706910418430e+002	2.81969689552197e+003
5.79645352374691e+002	2.87956247770776e+003
5.82719058375936e+002	2.87945757306608e+003
5.78657500332198e+002	2.93932315525188e+003
5.81731206333443e+002	2.93921825061020e+003
5.78694216956786e+002	2.99904886458210e+003
5.82792491625113e+002	2.99890899172652e+003
5.85866197626358e+002	2.99880408708484e+003
5.78730933581375e+002	3.05877457391231e+003
5.80780070915538e+002	3.05870463748453e+003
5.83853776916783e+002	3.05859973284285e+003
6.07413611027576e+002	3.04926321973326e+003
6.10487317028821e+002	3.04915831509158e+003
6.07382139635072e+002	2.99806975459308e+003
6.10455845636317e+002	2.99796484995139e+003
6.07345423010483e+002	2.93834404526286e+003
6.10419129011728e+002	2.93823914062118e+003
6.07308706385895e+002	2.87861833593264e+003
6.11406981054222e+002	2.87847846307706e+003
6.07271989761307e+002	2.81889262660242e+003
6.11370264429633e+002	2.81875275374684e+003
6.18689111597558e+002	3.05741081357046e+003
6.21757572366719e+002	3.04877366473875e+003
6.17627826305888e+002	2.99772007245414e+003
6.20701532307133e+002	2.99761516781246e+003
6.17585864449216e+002	2.92946211893389e+003
6.20659570450460e+002	2.92935721429221e+003
6.17554393056711e+002	2.87826865379370e+003
6.21657912957122e+002	2.88666102512816e+003
6.17517676432123e+002	2.81854294446348e+003
6.20591382433368e+002	2.81843803982180e+003
6.33033072936700e+002	3.05692125857595e+003
6.32996356312112e+002	2.99719554924574e+003
6.33984208354606e+002	2.93743487170162e+003
6.33947491730017e+002	2.87770916237140e+003
6.32886206438348e+002	2.81801842125508e+003
6.47371789043759e+002	3.04789945939141e+003
6.47340317651255e+002	2.99670599425123e+003
6.46279032359585e+002	2.93701525313490e+003
6.46237070502913e+002	2.86875729961465e+003
6.46205599110409e+002	2.81756383447446e+003
6.69917544951639e+002	3.05566240287579e+003
7.29342527642373e+002	3.05363424646996e+003
7.31391664976536e+002	3.05356431004217e+003
7.29305811017785e+002	2.99390853713974e+003
7.31354948351948e+002	2.99383860071195e+003
7.29269094393197e+002	2.93418282780952e+003
7.31318231727360e+002	2.93411289138173e+003
7.29232377768608e+002	2.87445711847930e+003
7.31281515102772e+002	2.87438718205152e+003
7.28171092476939e+002	2.81476637736298e+003
7.31244798478183e+002	2.81466147272130e+003
7.38558400414024e+002	3.04478728835489e+003
7.40607537748187e+002	3.04471735192710e+003
7.42656675082350e+002	3.04464741549931e+003
7.38526929021519e+002	2.99359382321470e+003
7.40576066355683e+002	2.99352388678691e+003
7.42625203689846e+002	2.99345395035912e+003
7.37465643729850e+002	2.93390308209837e+003
7.39514781064013e+002	2.93383314567059e+003
7.41563918398176e+002	2.93376320924280e+003
7.37428927105261e+002	2.87417737276815e+003
7.39478064439425e+002	2.87410743634037e+003
7.42551770440669e+002	2.87400253169869e+003
7.37392210480673e+002	2.81445166343794e+003
7.39441347814836e+002	2.81438172701015e+003
7.41490485148999e+002	2.81431179058236e+003
7.68202703742298e+002	2.93285403568157e+003
7.70251841076461e+002	2.93278409925378e+003
7.68239420366887e+002	2.99257974501178e+003
7.70288557701050e+002	2.99250980858400e+003
7.72337695035213e+002	2.99243987215621e+003
7.68276136991475e+002	3.05230545434200e+003
7.70325274325638e+002	3.05223551791422e+003
7.73398980326883e+002	3.05213061327253e+003
7.68165987117710e+002	2.87312832635135e+003
7.70215124451873e+002	2.87305838992356e+003
7.72264261786037e+002	2.87298845349577e+003
7.68129270493122e+002	2.81340261702113e+003
7.70178407827285e+002	2.81333268059334e+003
7.72227545161448e+002	2.81326274416555e+003
7.88767510333107e+002	3.05160609006413e+003
7.91841216334352e+002	3.05150118542245e+003
7.93890353668515e+002	3.05143124899466e+003
7.88730793708519e+002	2.99188038073391e+003
7.90779931042682e+002	2.99181044430613e+003
7.93853637043927e+002	2.99170553966445e+003
7.95902774378090e+002	2.99163560323666e+003
7.88694077083931e+002	2.93215467140369e+003
7.90743214418094e+002	2.93208473497591e+003
7.92792351752257e+002	2.93201479854812e+003
7.94841489086420e+002	2.93194486212033e+003
7.87632791792261e+002	2.87246393028737e+003
7.90706497793506e+002	2.87235902564569e+003
7.92755635127669e+002	2.87228908921790e+003
7.95829341128914e+002	2.87218418457622e+003
7.88620643834754e+002	2.81270325274326e+003
7.90669781168918e+002	2.81263331631547e+003
7.92718918503081e+002	2.81256337988768e+003
7.94768055837244e+002	2.81249344345989e+003
8.18474756446390e+002	3.04205976767119e+003
8.19499325113472e+002	3.04202479945729e+003
8.21548462447635e+002	3.04195486302951e+003
8.23597599781798e+002	3.04188492660172e+003
8.18443285053886e+002	2.99086630253100e+003
8.20492422388049e+002	2.99079636610321e+003
8.22541559722213e+002	2.99072642967542e+003
8.23566128389294e+002	2.99069146146153e+003
8.18406568429298e+002	2.93114059320078e+003
8.19431137096379e+002	2.93110562498689e+003
8.21480274430543e+002	2.93103568855910e+003
8.23529411764706e+002	2.93096575213131e+003
8.18369851804710e+002	2.87141488387056e+003
8.20418989138873e+002	2.87134494744277e+003
8.21443557805954e+002	2.87130997922888e+003
8.24517263807199e+002	2.87120507458720e+003
8.18333135180121e+002	2.81168917454034e+003
8.20382272514285e+002	2.81161923811256e+003
8.22431409848448e+002	2.81154930168477e+003
8.23455978515529e+002	2.81151433347087e+003
8.38966129788023e+002	3.04136040339332e+003
8.41015267122186e+002	3.04129046696553e+003
8.44088973123431e+002	3.04118556232385e+003
8.46138110457594e+002	3.04111562589606e+003
8.38934658395518e+002	2.99016693825313e+003
8.42008364396763e+002	2.99006203361145e+003
8.44057501730927e+002	2.98999209718366e+003
8.46106639065090e+002	2.98992216075587e+003
8.37873373103849e+002	2.93047619713680e+003
8.39922510438012e+002	2.93040626070902e+003
8.41971647772175e+002	2.93033632428123e+003
8.44020785106338e+002	2.93026638785344e+003
8.46069922440502e+002	2.93019645142565e+003
8.37836656479260e+002	2.87075048780658e+003
8.39885793813424e+002	2.87068055137880e+003
8.41934931147587e+002	2.87061061495101e+003
8.43984068481750e+002	2.87054067852322e+003
8.46033205815913e+002	2.87047074209544e+003
8.37799939854672e+002	2.81102477847636e+003
8.39849077188835e+002	2.81095484204858e+003
8.41898214522999e+002	2.81088490562079e+003
8.43947351857162e+002	2.81081496919300e+003
8.45996489191325e+002	2.81074503276522e+003
8.68683866365474e+002	3.04887856938043e+003
8.71757572366719e+002	3.04877366473875e+003
8.73806709700882e+002	3.04870372831097e+003
8.67622581073804e+002	2.98918782826411e+003
8.70696287075049e+002	2.98908292362243e+003
8.73769993076294e+002	2.98897801898075e+003
8.74794561743375e+002	2.98894305076685e+003
8.67585864449216e+002	2.92946211893389e+003
8.70659570450460e+002	2.92935721429221e+003
8.72708707784624e+002	2.92928727786442e+003
8.74757845118787e+002	2.92921734143663e+003
8.67549147824627e+002	2.86973640960367e+003
8.69598285158791e+002	2.86966647317588e+003
8.72671991160036e+002	2.86956156853420e+003
8.68536999867121e+002	2.80997573205956e+003
8.70586137201284e+002	2.80990579563177e+003
8.72635274535447e+002	2.80983585920398e+003
8.88003804541672e+002	2.80931133599558e+003
8.91077510542916e+002	2.80920643135390e+003
8.93126647877080e+002	2.80913649492611e+003
8.96200353878325e+002	2.80903159028443e+003
8.88040521166260e+002	2.86903704532580e+003
8.91114227167505e+002	2.86893214068412e+003
8.93163364501668e+002	2.86886220425633e+003
8.96237070502913e+002	2.86875729961465e+003
8.88077237790848e+002	2.92876275465602e+003
8.90126375125011e+002	2.92869281822823e+003
8.92175512459175e+002	2.92862288180044e+003
8.94224649793338e+002	2.92855294537266e+003
8.96273787127501e+002	2.92848300894487e+003
8.88113954415436e+002	2.98848846398624e+003
8.90163091749600e+002	2.98841852755845e+003
8.92212229083763e+002	2.98834859113066e+003
8.94261366417926e+002	2.98827865470288e+003
8.96310503752089e+002	2.98820871827509e+003
8.88150671040025e+002	3.04821417331646e+003
8.90199808374188e+002	3.04814423688867e+003
8.92248945708351e+002	3.04807430046088e+003
8.94298083042514e+002	3.04800436403309e+003
8.96347220376678e+002	3.04793442760531e+003
9.17863162385392e+002	3.04720009511354e+003
9.19912299719555e+002	3.04713015868575e+003
9.21961437053718e+002	3.04706022225797e+003
9.24010574387881e+002	3.04699028583018e+003
9.17826445760803e+002	2.98747438578332e+003
9.19875583094967e+002	2.98740444935554e+003
9.21924720429130e+002	2.98733451292775e+003
9.24998426430375e+002	2.98722960828607e+003
9.17789729136215e+002	2.92774867645310e+003
9.20863435137460e+002	2.92764377181142e+003
9.22912572471623e+002	2.92757383538364e+003
9.24961709805787e+002	2.92750389895585e+003
9.17753012511627e+002	2.86802296712289e+003
9.19802149845790e+002	2.86795303069510e+003
9.21851287179953e+002	2.86788309426731e+003
9.23900424514117e+002	2.86781315783952e+003
9.17721541119123e+002	2.81682950198270e+003
9.19770678453286e+002	2.81675956555491e+003
9.21819815787449e+002	2.81668962912712e+003
9.23868953121612e+002	2.81661969269934e+003
9.39373859162022e+002	3.03793351843175e+003
9.41422996496185e+002	3.03786358200396e+003
9.44496702497430e+002	3.03775867736228e+003
9.45521271164511e+002	3.03772370914838e+003
9.43472133830348e+002	3.03779364557617e+003
9.38317819102436e+002	2.98677502150545e+003
9.40366956436599e+002	2.98670508507766e+003
9.42416093770762e+002	2.98663514864988e+003
9.45489799772007e+002	2.98653024400820e+003
9.46514368439089e+002	2.98649527579430e+003
9.38281102477848e+002	2.92704931217523e+003
9.40330239812011e+002	2.92697937574745e+003
9.42379377146174e+002	2.92690943931966e+003
9.44428514480337e+002	2.92683950289187e+003
9.46477651814501e+002	2.92676956646408e+003
9.38244385853259e+002	2.86732360284501e+003
9.40293523187423e+002	2.86725366641723e+003
9.42342660521586e+002	2.86718372998944e+003
9.44391797855749e+002	2.86711379356165e+003
9.47465503856994e+002	2.86700888891997e+003
9.38207669228671e+002	2.80759789351480e+003
9.40256806562834e+002	2.80752795708701e+003
9.42305943896998e+002	2.80745802065922e+003
9.44355081231161e+002	2.80738808423143e+003
9.46404218565324e+002	2.80731814780365e+003
9.68067027072391e+002	3.04548665263276e+003
9.70116164406555e+002	3.04541671620497e+003
9.72165301740718e+002	3.04534677977718e+003
9.74214439074881e+002	3.04527684334940e+003
9.80361851077371e+002	3.04506703406603e+003
9.82410988411534e+002	3.04499709763825e+003
9.84460125745697e+002	3.04492716121046e+003
9.80325134452782e+002	2.98534132473582e+003
9.82374271786946e+002	2.98527138830803e+003
9.84423409121109e+002	2.98520145188024e+003
9.80288417828194e+002	2.92561561540560e+003
9.82337555162357e+002	2.92554567897781e+003
9.84386692496521e+002	2.92547574255002e+003
9.80251701203606e+002	2.86588990607538e+003
9.82300838537769e+002	2.86581996964759e+003
9.84349975871932e+002	2.86575003321980e+003
9.80214984579018e+002	2.80616419674516e+003
9.83288690580263e+002	2.80605929210348e+003
9.67920160574038e+002	2.80658381531188e+003
9.69969297908201e+002	2.80651387888409e+003
9.72018435242365e+002	2.80644394245631e+003
9.73043003909446e+002	2.80640897424241e+003
9.74067572576528e+002	2.80637400602852e+003
9.66932308531545e+002	2.86634449285599e+003
9.68981445865708e+002	2.86627455642821e+003
9.71030583199871e+002	2.86620462000042e+003
9.73079720534035e+002	2.86613468357263e+003
9.66969025156133e+002	2.92607020218621e+003
9.69018162490296e+002	2.92600026575843e+003
9.71067299824460e+002	2.92593032933064e+003
9.73116437158623e+002	2.92586039290285e+003
9.67005741780721e+002	2.98579591151643e+003
9.69054879114885e+002	2.98572597508864e+003
9.71104016449048e+002	2.98565603866086e+003
9.73153153783211e+002	2.98558610223307e+003
9.75202291117374e+002	2.98551616580528e+003
9.95730381083595e+002	3.04454251085763e+003
9.97779518417758e+002	3.04447257442984e+003
9.95693664459007e+002	2.98481680152741e+003
9.96718233126088e+002	2.98478183331352e+003
9.96681516501500e+002	2.92505612398330e+003
9.98730653835663e+002	2.92498618755551e+003
9.95620231209830e+002	2.86536538286697e+003
9.97669368543993e+002	2.86529544643919e+003
9.95588759817326e+002	2.81417191772679e+003
9.97637897151489e+002	2.81410198129900e+003
9.99687034485653e+002	2.81403204487121e+003
1.00992747592438e+003	2.80515011854224e+003
1.00996419254897e+003	2.86487582787246e+003
1.01000090917356e+003	2.92460153720268e+003
1.01003762579815e+003	2.98432724653290e+003
1.01007434242274e+003	3.04405295586312e+003

-2.16025854720281e-001	8.75759490178983e+000
4.93945448032183e+000	6.16722732369609e+001
9.86841849647559e+000	1.16490776550782e+002
-8.41315799493816e+000	8.08931348071270e+000
-1.66097073315911e+001	8.36905919186126e+000
-2.48062566682441e+001	8.64880490300983e+000
-3.30039716120269e+001	7.03249634970701e+000
-4.12016865558097e+001	5.41618779640418e+000
-4.93959046782031e+001	9.48804203645553e+000
3.55727754582196e+001	-1.08125602716020e+002
4.29899221607559e+001	-7.99373369607027e+001
4.78050452139006e+001	-2.51149482897824e+001
5.18273611509360e+001	3.63708278064129e+001
5.67551595599600e+001	8.92932768557825e+001
6.42855644219405e+001	1.16529630121775e+002
2.94521724197149e+001	-6.43065453502766e+001
2.50496742905144e+001	-3.48127996095993e+000
2.11048712276097e+001	6.11205525288624e+001
1.58955786967424e+001	1.05856554170037e+002
7.69611534226499e+000	1.01396164220057e+002
8.79390356388265e+001	-1.10860894113917e+002
9.43397729241897e+001	-6.93652802935465e+001
9.89301280691407e+001	-9.79498524729909e+000
1.03522231624786e+002	5.26193911956254e+001
1.09353181291539e+002	9.31864046692667e+001
1.15500010490464e+002	9.20285682536796e+001
1.20826058002165e+002	5.20288169165340e+001
1.25115297971921e+002	-7.84453598345770e+000
1.29632219867696e+002	-6.77256595976480e+001
1.35980504832219e+002	-1.11552487677590e+002
8.06718637203227e+001	-8.02753630283406e+001
7.60376040401497e+001	-2.60785168504052e+001
7.20910525665503e+001	3.56792342427400e+001
6.72285281567944e+001	8.89358240026482e+001
5.97325087051426e+001	1.17633071537972e+002
1.53753488079336e+002	9.54632239294481e+001
1.61621336205389e+002	1.16051731198563e+002
1.67862191046117e+002	8.26570869302027e+001
1.72607377671474e+002	2.37162197340395e+001
1.76780445463962e+002	-3.99453563377556e+001
1.81871234603301e+002	-9.22616896796368e+001
1.89598432802360e+002	-1.15278545135805e+002
1.51663554495630e+002	2.91712611014366e+001
1.48095436803501e+002	-3.42261106876072e+001
1.42940539272024e+002	-8.61927618905526e+001
1.35634902318237e+002	-1.18177021531872e+002
2.07940038060958e+002	9.07697125535111e+001
2.16029157273816e+002	1.00922150653944e+002
2.21239032608248e+002	5.71341761449953e+001
2.25298259437727e+002	-6.52351456970059e+000
2.29586333800353e+002	-6.82929217341437e+001
2.35478089305710e+002	-1.14000262650140e+002
2.02558041407028e+002	3.97588591969899e+001
1.98536308273557e+002	-2.07788897669796e+001
1.93947701539301e+002	-7.75051034165499e+001
1.87206606972040e+002	-1.17093006901171e+002
2.89623065966370e+002	-1.13452427299141e+000
2.81539191985596e+002	-2.75471818339352e+000
2.73228801685934e+002	-2.47108711514567e+000
2.64691895067384e+002	-2.83631068247852e-001
2.56608603890175e+002	-9.55797846424267e-001
2.49993006357221e+002	-2.15870440436310e+001
2.44502996775931e+002	-6.31137407207959e+001
2.39007741962556e+002	-1.13172681587992e+002
3.52456866708162e+002	-1.37075398462797e+001
3.60432144958011e+002	-3.55121638874707e+000
3.64220950933379e+002	4.84620590993898e+001
3.65971110038753e+002	1.17609759395376e+002
3.67153229936210e+002	1.88672940741311e+002
3.67994409748206e+002	2.60695805290768e+002
3.68722331400757e+002	3.33670582329551e+002
3.71603323689877e+002	3.90455076335611e+002
3.79582681564680e+002	4.07247589718723e+002
3.44261482978639e+002	-1.15317398706798e+001
3.36064933641986e+002	-1.12519941595312e+001
3.27868384305333e+002	-1.09722484483826e+001
3.19671252165115e+002	-1.16405298694598e+001
3.11475868435592e+002	-9.46472989385981e+000
4.00929027736010e+002	-4.24918193806275e+002
4.04155039735547e+002	-3.62457193078159e+002
4.06244973319253e+002	-2.96165230250147e+002
4.07765702087913e+002	-2.29853840636639e+002
4.08945490771111e+002	-1.62582767819608e+002
4.10239120417318e+002	-9.53155803596753e+001
4.11646591026535e+002	-2.80522782568423e+001
4.13054061635751e+002	3.92110238459907e+001
4.14347691281958e+002	1.06478211305923e+002
4.15641320928165e+002	1.73745398765855e+002
4.16822275218493e+002	2.42912525847338e+002
4.18004395115951e+002	3.13975707193272e+002
4.21114234938219e+002	3.72648484749585e+002
4.28757315156079e+002	3.97984898394027e+002
3.95037855034218e+002	-3.78262825758053e+002
3.92457977920293e+002	-3.15603671817873e+002
3.91020007257847e+002	-2.47295208655332e+002
3.89809718521420e+002	-1.78994516206990e+002
3.88598846981427e+002	-1.11641850890874e+002
3.87387975441435e+002	-4.42891855747570e+001
3.86177103901442e+002	2.30634797413595e+001
3.84966815165015e+002	9.13641721897018e+001
3.83755943625023e+002	1.58716837505818e+002
3.82773919618178e+002	2.27957786372188e+002
3.81792478414899e+002	2.98146762370783e+002
3.79212018497408e+002	3.59857889178737e+002
3.72519296626034e+002	3.98956237668848e+002
4.50789621123288e+002	-4.29464061612439e+002
4.54015633122825e+002	-3.67003060884323e+002
4.56105566706530e+002	-3.00711098056311e+002
4.57740719241765e+002	-2.33455566667677e+002
4.59034348887972e+002	-1.66188379207745e+002
4.60327978534179e+002	-9.89211917478123e+001
4.61621608180386e+002	-3.16540042878801e+001
4.62915237826593e+002	3.56131831720522e+001
4.64208867472801e+002	1.02880370631984e+002
4.65502497119008e+002	1.70147558091917e+002
4.66683451409336e+002	2.39314685173400e+002
4.67751147540219e+002	3.09433724744208e+002
4.70633888240034e+002	3.69062300146944e+002
4.77938942390256e+002	4.00098532656038e+002
4.45012289384505e+002	-3.82812578921316e+002
4.42204730344561e+002	-3.20145654266938e+002
4.40767342485681e+002	-2.50889163972172e+002
4.39785318478836e+002	-1.81648215105802e+002
4.38802128864862e+002	-1.14303320503884e+002
4.37591257324870e+002	-4.69506551877677e+001
4.36266544821868e+002	2.04058954854482e+001
4.35055673281876e+002	8.77585608015647e+001
4.33958642704892e+002	1.55107340760582e+002
4.32862777735039e+002	2.24352174984051e+002
4.31767495568750e+002	2.94545036339745e+002
4.29072611884686e+002	3.55312021372572e+002
4.22264883443172e+002	3.92518200955332e+002
5.01684108034685e+002	-4.18876463516885e+002
5.04569179948760e+002	-3.55455779585246e+002
5.06545272569457e+002	-2.89159931400135e+002
5.07952743178673e+002	-2.21896629297302e+002
5.09246372824880e+002	-1.54629441837370e+002
5.10540002471087e+002	-8.73622543774376e+001
5.11833632117294e+002	-2.00950669175053e+001
5.13127261763501e+002	4.71721205424269e+001
5.14648573335727e+002	1.14431537288161e+002
5.16056043944943e+002	1.81694839390994e+002
5.17577355517168e+002	2.48954256136727e+002
5.19439607174856e+002	3.15253989678937e+002
5.21642798918006e+002	3.80594040017624e+002
4.94760790219468e+002	-3.84510479973704e+002
4.91952065572395e+002	-3.23739609583777e+002
4.90742942443097e+002	-2.53542862870984e+002
4.89647077473243e+002	-1.84298028647515e+002
4.88550629699825e+002	-1.16001221556272e+002
4.87339758159833e+002	-4.86485562401555e+001
4.86128886619840e+002	1.87041090759611e+001
4.85031856042857e+002	8.60528890349783e+001
4.84048666428883e+002	1.53397783636896e+002
4.83066642422038e+002	2.22638732503266e+002
4.82085201218759e+002	2.92827708501861e+002
4.79390900338259e+002	3.54542720666914e+002
4.72698178466885e+002	3.93641069157025e+002
5.50057192456502e+002	-4.35696174399693e+002
5.53737985504510e+002	-3.74198742232200e+002
5.56055018210669e+002	-3.08862577250613e+002
5.57690170745903e+002	-2.41607045861978e+002
5.58869959429101e+002	-1.74335973044947e+002
5.60163589075308e+002	-1.07068785585014e+002
5.61570476880960e+002	-4.07535106144071e+001
5.62977947490176e+002	2.65097914884259e+001
5.64271577136383e+002	9.37769789483582e+001
5.65565206782590e+002	1.61044166408290e+002
5.66746161072918e+002	2.30211293489773e+002
5.68041539129820e+002	3.00322562346383e+002
5.71038120792644e+002	3.59947252392020e+002
5.78116658623977e+002	3.92887309879764e+002
5.44852562354153e+002	-3.83375955700713e+002
5.42387109006802e+002	-3.19772659985407e+002
5.40948555540791e+002	-2.52412223955091e+002
5.39738266804364e+002	-1.84111531506749e+002
5.38641819030945e+002	-1.15814724415506e+002
5.37544788453962e+002	-4.84659444564890e+001
5.36333916913970e+002	1.88867208596275e+001
5.35009204410968e+002	8.62432715328433e+001
5.33798332870976e+002	1.53595936848960e+002
5.32816308864131e+002	2.22836885715329e+002
5.31948708623861e+002	2.93021976356825e+002
5.29368248706370e+002	3.54733103164779e+002
5.22561103068422e+002	3.92887309879764e+002
5.97084000643415e+002	-4.20236338501635e+002
6.03711254247667e+002	-3.80644549659915e+002
6.06481319591602e+002	-3.19116034635627e+002
6.07548432918921e+002	-2.49945022197045e+002
6.08160765197769e+002	-1.79810441197840e+002
6.08886938439625e+002	-1.09679745555734e+002
6.11203388342219e+002	-4.52916077063727e+001
6.16585967799715e+002	6.66727278237416e+000
5.93934918714444e+002	-3.57557757775959e+002
5.92041001396397e+002	-2.90181780317247e+002
5.90602447930387e+002	-2.22821344286932e+002
5.89391576390394e+002	-1.55468678970816e+002
5.88180704850402e+002	-8.81160136546990e+001
5.86969833310410e+002	-2.07633483385825e+001
5.85872802733427e+002	4.65854316204348e+001
5.84548090230425e+002	1.13941982293651e+002
5.83223377727424e+002	1.81298532966866e+002
5.81898665224422e+002	2.48655083640082e+002
5.80232429832393e+002	3.16023290384596e+002
5.78110247784764e+002	3.82459011425281e+002
6.51632665906691e+002	-2.10741769065253e+001
6.43440778998557e+002	-1.32102141375712e+001
6.35241315644079e+002	-1.76706040875511e+001
6.27042435093167e+002	-2.11829669053053e+001
6.18968468772997e+002	-6.68669956787058e+000
7.20281680618984e+002	-1.86769115762661e+001
7.25549836309905e+002	3.23378271373544e+001
7.27638604286481e+002	9.67337357009145e+001
7.28250353761764e+002	1.65920289567894e+002
7.28521163151584e+002	2.36066526638397e+002
7.28904647897284e+002	3.04312824087349e+002
7.29629655532010e+002	3.72547465465003e+002
7.30582345092755e+002	4.40774336128459e+002
7.31421193690491e+002	5.09005092149014e+002
7.32146201325218e+002	5.77239733526669e+002
7.32757367996935e+002	6.45478260261422e+002
7.33254693705644e+002	7.13720672353275e+002
7.34662164314860e+002	7.80983974456108e+002
7.38570056485322e+002	8.41525608777177e+002
7.12082217264507e+002	-2.31373015262460e+001
7.03885667927854e+002	-2.28575558150974e+001
6.95804125161339e+002	-2.06856411965967e+001
6.87609324235381e+002	-1.75618140887711e+001
6.79413940505858e+002	-1.53860141131711e+001
6.71216808365640e+002	-1.60542955342483e+001
7.63243822476480e+002	-8.74333564123545e+002
7.61349322354868e+002	-8.07905613797058e+002
7.58656187081499e+002	-7.44294547367554e+002
7.56418998463730e+002	-6.79750995234221e+002
7.55094285960728e+002	-6.12394444561005e+002
7.54225520113328e+002	-5.44105408183961e+002
7.53584436191946e+002	-4.75824142521115e+002
7.52829511307555e+002	-4.07538991501170e+002
7.52188427386173e+002	-3.39257725838324e+002
7.51661184427800e+002	-2.70980345532578e+002
7.51133941469426e+002	-2.02702965226831e+002
7.50492274744479e+002	-1.35369726696211e+002
7.49623508897079e+002	-6.70806903191666e+001
7.48982424975697e+002	1.20057534367926e+000
7.48569022980333e+002	6.94740702923265e+001
7.48155620984969e+002	1.37747565240974e+002
7.47400113297013e+002	2.05084689128693e+002
7.46530764646048e+002	2.72425698373512e+002
7.45889680724666e+002	3.40706964036358e+002
7.45362437766293e+002	4.08984344342104e+002
7.44721353844911e+002	4.77265610004950e+002
7.43966428960519e+002	5.45550761024895e+002
7.43554192572285e+002	6.15720310237994e+002
7.43028698024607e+002	6.86841771940417e+002
7.40562079070125e+002	7.48549013391272e+002
7.33754350628612e+002	7.85755192974031e+002
7.87602291739031e+002	7.85813473330520e+002
7.90979638397585e+002	7.24075149022872e+002
7.92760297556188e+002	6.57651084053484e+002
7.93742904366597e+002	5.89358162319341e+002
7.94383988287979e+002	5.21076896656495e+002
7.95025655012927e+002	4.53743658125875e+002
7.95666738934309e+002	3.85462392463029e+002
7.96193981892682e+002	3.17185012157282e+002
7.96948906777073e+002	2.48899861137337e+002
7.97818255428038e+002	1.81558851892519e+002
7.98573180312429e+002	1.13273700872574e+002
7.98986582307793e+002	4.50002059239263e+001
7.99286143340148e+002	-2.32694036676217e+001
7.99927227261530e+002	-9.15506693304675e+001
8.00796575912496e+002	-1.58891678575286e+002
8.01665924563461e+002	-2.26232687820105e+002
8.02193750325399e+002	-2.93562040993626e+002
8.02607152320763e+002	-3.61835535942273e+002
8.03248819045710e+002	-4.29168774472893e+002
8.03889902967092e+002	-4.97450040135739e+002
8.04644827851483e+002	-5.65735191155684e+002
8.05171488006291e+002	-6.34960598593656e+002
8.05696982553970e+002	-7.06082060296080e+002
8.08278025275025e+002	-7.66845159971808e+002
8.15545197193529e+002	-7.97430691057384e+002
7.87985776484731e+002	8.54059770779473e+002
7.83581141409126e+002	7.26223751498777e+002
7.81946571677456e+002	6.59916247242368e+002
7.81221564042730e+002	5.91681605864713e+002
7.80496556408003e+002	5.23446964487059e+002
7.79658290613832e+002	4.56164235598730e+002
7.78819442016096e+002	3.87933479578175e+002
7.77866752455351e+002	3.19706608914719e+002
7.77141744820625e+002	2.51471967537064e+002
7.76644419111916e+002	1.83229555445211e+002
7.75919411477189e+002	1.14994914067557e+002
7.75081145683019e+002	4.77121851792276e+001
7.74242297085283e+002	-2.05185708413275e+001
7.73517872254121e+002	-8.78051850867561e+001
7.73020546545412e+002	-1.56047597178609e+002
7.72409379873695e+002	-2.24286123913363e+002
7.71570531275959e+002	-2.92516879933918e+002
7.70617841715214e+002	-3.60743750597374e+002
7.69665152154469e+002	-4.28970621260829e+002
7.68826303556734e+002	-4.97201377281385e+002
7.68101295922007e+002	-5.65436018659039e+002
7.67716645569178e+002	-6.35578370372443e+002
7.67217571449774e+002	-7.06664863860973e+002
7.64675770835422e+002	-7.67253122467233e+002
7.57597815807653e+002	-7.99245152822751e+002
8.38503189489643e+002	8.06829369880556e+002
8.34141681877840e+002	7.49147358384562e+002
8.32279430220152e+002	6.82847624842352e+002
8.31326740659407e+002	6.14620754178896e+002
8.30601733024681e+002	5.46386112801241e+002
8.29762884426945e+002	4.78155356780686e+002
8.28924618632774e+002	4.10872627892357e+002
8.28313451961056e+002	3.42634101157603e+002
8.27588444326330e+002	2.74399459779949e+002
8.26864019495168e+002	2.07112845534520e+002
8.26139011860441e+002	1.38878204156866e+002
8.25300746066270e+002	7.15954752685364e+001
8.24576321235108e+002	4.30886102310777e+000
8.23965154563391e+002	-6.39296657116459e+001
8.23353987891673e+002	-1.32168192446400e+002
8.22742821219955e+002	-2.00406719181153e+002
8.22017813585229e+002	-2.68641360558808e+002
8.21178964987493e+002	-3.36872116579363e+002
8.20226858230313e+002	-4.04150960110593e+002
8.19501850595586e+002	-4.72385601488247e+002
8.18777425764425e+002	-5.39672215733676e+002
8.18278934448586e+002	-6.09810682089980e+002
8.17779277525618e+002	-6.81845202710736e+002
8.15237476911266e+002	-7.42433461316996e+002
8.07933588368173e+002	-7.71573639561639e+002
8.41081900996439e+002	7.42274161675925e+002
8.42292772536431e+002	6.74921496359809e+002
8.43161538383831e+002	6.06632459982765e+002
8.43917046071787e+002	5.39295336095045e+002
8.44558712796734e+002	4.71962097564425e+002
8.45199796718117e+002	4.03680831901579e+002
8.46069145369082e+002	3.36339822656761e+002
8.47051752179491e+002	2.68046900922617e+002
8.47807259867447e+002	2.00709777034897e+002
8.48334502825820e+002	1.32432396729151e+002
8.48747904821184e+002	6.41589017805037e+001
8.49275147779557e+002	-4.11847852524278e+000
8.49916814504504e+002	-7.14517170558629e+001
8.50558481229451e+002	-1.38784955586483e+002
8.51085724187824e+002	-2.07062335892230e+002
8.51841231875780e+002	-2.74399459779949e+002
8.52596739563737e+002	-3.41736583667668e+002
8.53237823485119e+002	-4.10017849330514e+002
8.53765066443492e+002	-4.78295229636261e+002
8.54519991327883e+002	-5.46580380656206e+002
8.55046651482691e+002	-6.15805788094178e+002
8.55344464104351e+002	-6.86919479082403e+002
8.57583983936380e+002	-7.47670922686833e+002
8.64850573051319e+002	-7.79204480904635e+002
8.87212551568402e+002	7.81465758736420e+002
8.87482195351093e+002	8.49715941542471e+002
8.83645599483403e+002	7.19964441211827e+002
8.82010446948169e+002	6.52708909823193e+002
8.81057757387424e+002	5.84482039159737e+002
8.80219491593253e+002	5.17199310271408e+002
8.79494483958526e+002	4.48964668893753e+002
8.78770059127364e+002	3.81678054648325e+002
8.78045051492638e+002	3.13443413270670e+002
8.77320043857911e+002	2.45208771893016e+002
8.76481778063740e+002	1.77926043004687e+002
8.75756770429013e+002	1.09691401627032e+002
8.75145603757296e+002	4.14528748922785e+001
8.74534437085578e+002	-2.67856518424752e+001
8.73809429450851e+002	-9.50202932201296e+001
8.73084421816125e+002	-1.63254934597784e+002
8.72473255144407e+002	-2.31493461332538e+002
8.71862088472689e+002	-2.99731988067291e+002
8.71023239874954e+002	-3.67962744087846e+002
8.70071133117774e+002	-4.35241587619076e+002
8.69119026360594e+002	-5.02520431150307e+002
8.68394018725867e+002	-5.70755072527961e+002
8.67669011091140e+002	-6.38989713905615e+002
8.66602480567386e+002	-7.07212699211972e+002
8.64854069872708e+002	-7.73516318111281e+002
8.91274692415705e+002	7.22548203682852e+002
8.92941510611299e+002	6.56128024070564e+002
8.93696435495690e+002	5.87842873050619e+002
8.94224261257628e+002	5.20513519877098e+002
8.94751504216001e+002	4.52236139571352e+002
8.95392588137383e+002	3.83954873908506e+002
8.96261936788348e+002	3.16613864663687e+002
8.97244543598758e+002	2.48320942929544e+002
8.97886210323705e+002	1.80987704398924e+002
8.98299612319069e+002	1.12714209450276e+002
8.98713014314433e+002	4.44407145016291e+001
8.99354098235815e+002	-2.38405511612167e+001
9.00222864083215e+002	-9.21295875382611e+001
9.00978371771171e+002	-1.59466711425980e+002
9.01619455692553e+002	-2.27747977088826e+002
9.02146698650926e+002	-2.96025357394573e+002
9.02787782572308e+002	-3.64306623057419e+002
9.03428866493691e+002	-4.32587888720264e+002
9.04183791378082e+002	-5.00873039740209e+002
9.05053140029047e+002	-5.68214048985028e+002
9.05465959220846e+002	-6.37435571065901e+002
9.05649348075932e+002	-7.09493403829253e+002
9.07888285104396e+002	-7.71192874565908e+002
9.15040450452761e+002	-8.03670574558837e+002
9.34910166658507e+002	7.76993712715142e+002
9.38818058828969e+002	8.37535347036211e+002
9.33275014123273e+002	7.09738181326508e+002
9.32095225440075e+002	6.42467108509476e+002
9.31142535879330e+002	5.74240237846020e+002
9.30190429122150e+002	5.06961394314790e+002
9.29352163327979e+002	4.39678665426461e+002
9.28627155693253e+002	3.71444024048806e+002
9.28015989021535e+002	3.03205497314053e+002
9.27404822349817e+002	2.34966970579299e+002
9.26679814715091e+002	1.66732329201645e+002
9.25727707957911e+002	9.94534856704145e+001
9.25002700323184e+002	3.12188442927601e+001
9.24391533651466e+002	-3.70196824419936e+001
9.23780366979749e+002	-1.05258209176747e+002
9.23055359345022e+002	-1.73492850554402e+002
9.22330351710295e+002	-2.41727491932056e+002
9.21605344075569e+002	-3.09962133309710e+002
9.20994760207416e+002	-3.77252632912238e+002
9.20155911609680e+002	-4.45483388932793e+002
9.19203804852500e+002	-5.12762232464024e+002
9.18365539058329e+002	-5.80044961352353e+002
9.17526690460594e+002	-6.48275717372908e+002
9.16233060814386e+002	-7.15542904832840e+002
9.14597908279152e+002	-7.82798436221475e+002
9.41144610660021e+002	7.33170769992299e+002
9.43269123921911e+002	6.70527157480517e+002
9.43681943113710e+002	6.01305635399644e+002
9.44094179501944e+002	5.31136086186545e+002
9.44734680619761e+002	4.61906793391474e+002
9.45603446467161e+002	3.93617757014429e+002
9.46586636081136e+002	3.26272862412511e+002
9.47455984732101e+002	2.58931853167693e+002
9.47983227690474e+002	1.90654472861946e+002
9.48282788722829e+002	1.22384863270398e+002
9.48810031681202e+002	5.41074829646518e+001
9.49564956565593e+002	-1.41776680552933e+001
9.50319881449984e+002	-8.24628190752384e+001
9.50847124408357e+002	-1.50740199380985e+002
9.51374367366730e+002	-2.19017579686731e+002
9.52129875054686e+002	-2.86354703574451e+002
9.52770958976069e+002	-3.54635969237297e+002
9.53184360971433e+002	-4.22909464185944e+002
9.53597762966796e+002	-4.91182959134591e+002
9.54352687851188e+002	-5.59468110154536e+002
9.55107029932014e+002	-6.28701288306707e+002
9.55632524479692e+002	-6.99822750009131e+002
9.57871461508156e+002	-7.61522220745787e+002
9.64908620286382e+002	-7.95892089646067e+002
9.77481635859670e+002	2.65836132733123e+001
9.82458001232435e+002	-2.66768618436952e+001
9.89735080811542e+002	-4.11459316814349e+001
9.97932212951760e+002	-4.04776502603578e+001
1.00635994103582e+003	-3.50770038923507e+001
1.01455998719386e+003	-2.96685868101451e+001
9.73914683774671e+002	-3.49177042512800e+001
9.72621054128464e+002	-1.02184891711212e+002
9.72123728419755e+002	-1.70427303803065e+002
9.71740243674056e+002	-2.38673601252017e+002
9.71242917965347e+002	-3.06916013343870e+002
9.70404069367611e+002	-3.75146769364426e+002
9.69565220769876e+002	-4.43377525384981e+002
9.68840213135149e+002	-5.11612166762635e+002
9.68342887426440e+002	-5.79854578854488e+002
9.67617879791714e+002	-6.48089220232142e+002
9.66438091108516e+002	-7.15360293049174e+002
9.65144461462309e+002	-7.82627480509106e+002
5.74141549775698e+002	4.08191731493850e+002
5.79117332344899e+002	3.53983229244617e+002
5.70120399445793e+002	3.48602009662106e+002
3.74256051249414e+002	4.46299313923643e+002
4.25473994139327e+002	4.27486414848902e+002
